"0","```{r, message=FALSE}
"
"2","Error: attempt to use zero-length variable name
"
